(kicad_pcb (version 20171130) (host pcbnew 5.0.2-bee76a0~70~ubuntu18.04.1)

  (general
    (thickness 1.6)
    (drawings 8)
    (tracks 48)
    (zones 0)
    (modules 11)
    (nets 35)
  )

  (page A4)
  (layers
    (0 F.Cu signal)
    (31 B.Cu signal)
    (32 B.Adhes user)
    (33 F.Adhes user)
    (34 B.Paste user)
    (35 F.Paste user)
    (36 B.SilkS user)
    (37 F.SilkS user)
    (38 B.Mask user)
    (39 F.Mask user)
    (40 Dwgs.User user)
    (41 Cmts.User user)
    (42 Eco1.User user)
    (43 Eco2.User user)
    (44 Edge.Cuts user)
    (45 Margin user)
    (46 B.CrtYd user)
    (47 F.CrtYd user)
    (48 B.Fab user)
    (49 F.Fab user)
  )

  (setup
    (last_trace_width 0.2)
    (trace_clearance 0.2)
    (zone_clearance 0.508)
    (zone_45_only no)
    (trace_min 0.2)
    (segment_width 0.2)
    (edge_width 0.15)
    (via_size 0.8)
    (via_drill 0.4)
    (via_min_size 0.4)
    (via_min_drill 0.3)
    (uvia_size 0.3)
    (uvia_drill 0.1)
    (uvias_allowed no)
    (uvia_min_size 0.2)
    (uvia_min_drill 0.1)
    (pcb_text_width 0.3)
    (pcb_text_size 1.5 1.5)
    (mod_edge_width 0.15)
    (mod_text_size 1 1)
    (mod_text_width 0.15)
    (pad_size 1.524 1.524)
    (pad_drill 0.762)
    (pad_to_mask_clearance 0.051)
    (solder_mask_min_width 0.25)
    (aux_axis_origin 85 110)
    (visible_elements FFFFFF7F)
    (pcbplotparams
      (layerselection 0x010fc_ffffffff)
      (usegerberextensions false)
      (usegerberattributes false)
      (usegerberadvancedattributes false)
      (creategerberjobfile false)
      (excludeedgelayer true)
      (linewidth 0.100000)
      (plotframeref false)
      (viasonmask false)
      (mode 1)
      (useauxorigin false)
      (hpglpennumber 1)
      (hpglpenspeed 20)
      (hpglpendiameter 15.000000)
      (psnegative false)
      (psa4output false)
      (plotreference true)
      (plotvalue true)
      (plotinvisibletext false)
      (padsonsilk false)
      (subtractmaskfromsilk false)
      (outputformat 1)
      (mirror false)
      (drillshape 1)
      (scaleselection 1)
      (outputdirectory ""))
  )

  (net 0 "")
  (net 1 "Net-(J1-Pad2)")
  (net 2 "Net-(J1-Pad3)")
  (net 3 "Net-(J1-Pad4)")
  (net 4 GND)
  (net 5 "Net-(J1-Pad6)")
  (net 6 "Net-(J1-Pad7)")
  (net 7 "Net-(J1-Pad8)")
  (net 8 "Net-(J2-Pad2)")
  (net 9 "Net-(J2-Pad3)")
  (net 10 "Net-(J2-Pad4)")
  (net 11 "Net-(J2-Pad6)")
  (net 12 "Net-(J3-Pad6)")
  (net 13 "Net-(J3-Pad4)")
  (net 14 "Net-(J3-Pad3)")
  (net 15 "Net-(J3-Pad2)")
  (net 16 "Net-(J4-Pad6)")
  (net 17 "Net-(J4-Pad4)")
  (net 18 "Net-(J4-Pad3)")
  (net 19 "Net-(J4-Pad2)")
  (net 20 "Net-(J5-Pad2)")
  (net 21 "Net-(J5-Pad3)")
  (net 22 "Net-(J5-Pad4)")
  (net 23 "Net-(J5-Pad6)")
  (net 24 /can+)
  (net 25 /can-)
  (net 26 "Net-(J2-Pad7)")
  (net 27 "Net-(J2-Pad8)")
  (net 28 "Net-(J3-Pad8)")
  (net 29 "Net-(J3-Pad7)")
  (net 30 "Net-(J4-Pad8)")
  (net 31 "Net-(J4-Pad7)")
  (net 32 "Net-(J5-Pad7)")
  (net 33 "Net-(J5-Pad8)")
  (net 34 "Net-(J7-Pad1)")

  (net_class Default "This is the default net class."
    (clearance 0.2)
    (trace_width 0.2)
    (via_dia 0.8)
    (via_drill 0.4)
    (uvia_dia 0.3)
    (uvia_drill 0.1)
    (add_net /can+)
    (add_net /can-)
    (add_net GND)
    (add_net "Net-(J1-Pad2)")
    (add_net "Net-(J1-Pad3)")
    (add_net "Net-(J1-Pad4)")
    (add_net "Net-(J1-Pad6)")
    (add_net "Net-(J1-Pad7)")
    (add_net "Net-(J1-Pad8)")
    (add_net "Net-(J2-Pad2)")
    (add_net "Net-(J2-Pad3)")
    (add_net "Net-(J2-Pad4)")
    (add_net "Net-(J2-Pad6)")
    (add_net "Net-(J2-Pad7)")
    (add_net "Net-(J2-Pad8)")
    (add_net "Net-(J3-Pad2)")
    (add_net "Net-(J3-Pad3)")
    (add_net "Net-(J3-Pad4)")
    (add_net "Net-(J3-Pad6)")
    (add_net "Net-(J3-Pad7)")
    (add_net "Net-(J3-Pad8)")
    (add_net "Net-(J4-Pad2)")
    (add_net "Net-(J4-Pad3)")
    (add_net "Net-(J4-Pad4)")
    (add_net "Net-(J4-Pad6)")
    (add_net "Net-(J4-Pad7)")
    (add_net "Net-(J4-Pad8)")
    (add_net "Net-(J5-Pad2)")
    (add_net "Net-(J5-Pad3)")
    (add_net "Net-(J5-Pad4)")
    (add_net "Net-(J5-Pad6)")
    (add_net "Net-(J5-Pad7)")
    (add_net "Net-(J5-Pad8)")
    (add_net "Net-(J7-Pad1)")
  )

  (net_class can_high+ ""
    (clearance 0.2)
    (trace_width 0.2)
    (via_dia 0.8)
    (via_drill 0.4)
    (uvia_dia 0.3)
    (uvia_drill 0.1)
  )

  (net_class can_low- ""
    (clearance 0.2)
    (trace_width 0.2)
    (via_dia 0.8)
    (via_drill 0.4)
    (uvia_dia 0.3)
    (uvia_drill 0.1)
  )

  (module MountingHole:MountingHole_2.7mm_M2.5_DIN965_Pad (layer F.Cu) (tedit 56D1B4CB) (tstamp 5C6AB01B)
    (at 88.5 106.5)
    (descr "Mounting Hole 2.7mm, M2.5, DIN965")
    (tags "mounting hole 2.7mm m2.5 din965")
    (attr virtual)
    (fp_text reference REF** (at 0 -3.35) (layer F.SilkS)
      (effects (font (size 1 1) (thickness 0.15)))
    )
    (fp_text value MountingHole_2.7mm_M2.5_DIN965_Pad (at 0 3.35) (layer F.Fab)
      (effects (font (size 1 1) (thickness 0.15)))
    )
    (fp_circle (center 0 0) (end 2.6 0) (layer F.CrtYd) (width 0.05))
    (fp_circle (center 0 0) (end 2.35 0) (layer Cmts.User) (width 0.15))
    (fp_text user %R (at 0.3 0) (layer F.Fab)
      (effects (font (size 1 1) (thickness 0.15)))
    )
    (pad 1 thru_hole circle (at 0 0) (size 4.7 4.7) (drill 2.7) (layers *.Cu *.Mask))
  )

  (module MountingHole:MountingHole_2.7mm_M2.5_DIN965_Pad (layer F.Cu) (tedit 56D1B4CB) (tstamp 5C6AB07B)
    (at 146.5 106.5)
    (descr "Mounting Hole 2.7mm, M2.5, DIN965")
    (tags "mounting hole 2.7mm m2.5 din965")
    (attr virtual)
    (fp_text reference REF** (at 0 -3.35) (layer F.SilkS)
      (effects (font (size 1 1) (thickness 0.15)))
    )
    (fp_text value MountingHole_2.7mm_M2.5_DIN965_Pad (at 0 3.35) (layer F.Fab)
      (effects (font (size 1 1) (thickness 0.15)))
    )
    (fp_circle (center 0 0) (end 2.6 0) (layer F.CrtYd) (width 0.05))
    (fp_circle (center 0 0) (end 2.35 0) (layer Cmts.User) (width 0.15))
    (fp_text user %R (at 0.3 0) (layer F.Fab)
      (effects (font (size 1 1) (thickness 0.15)))
    )
    (pad 1 thru_hole circle (at 0 0) (size 4.7 4.7) (drill 2.7) (layers *.Cu *.Mask))
  )

  (module MountingHole:MountingHole_2.7mm_M2.5_DIN965_Pad (layer F.Cu) (tedit 56D1B4CB) (tstamp 5C6AB0C3)
    (at 88.5 57.5)
    (descr "Mounting Hole 2.7mm, M2.5, DIN965")
    (tags "mounting hole 2.7mm m2.5 din965")
    (attr virtual)
    (fp_text reference REF** (at 0 -3.35) (layer F.SilkS)
      (effects (font (size 1 1) (thickness 0.15)))
    )
    (fp_text value MountingHole_2.7mm_M2.5_DIN965_Pad (at 0 3.35) (layer F.Fab)
      (effects (font (size 1 1) (thickness 0.15)))
    )
    (fp_circle (center 0 0) (end 2.6 0) (layer F.CrtYd) (width 0.05))
    (fp_circle (center 0 0) (end 2.35 0) (layer Cmts.User) (width 0.15))
    (fp_text user %R (at 0.3 0) (layer F.Fab)
      (effects (font (size 1 1) (thickness 0.15)))
    )
    (pad 1 thru_hole circle (at 0 0) (size 4.7 4.7) (drill 2.7) (layers *.Cu *.Mask))
  )

  (module MountingHole:MountingHole_2.7mm_M2.5_DIN965_Pad (layer F.Cu) (tedit 56D1B4CB) (tstamp 5C6AB11D)
    (at 146.5 57.5)
    (descr "Mounting Hole 2.7mm, M2.5, DIN965")
    (tags "mounting hole 2.7mm m2.5 din965")
    (attr virtual)
    (fp_text reference REF** (at 0 -3.35) (layer F.SilkS)
      (effects (font (size 1 1) (thickness 0.15)))
    )
    (fp_text value MountingHole_2.7mm_M2.5_DIN965_Pad (at 0 3.35) (layer F.Fab)
      (effects (font (size 1 1) (thickness 0.15)))
    )
    (fp_circle (center 0 0) (end 2.6 0) (layer F.CrtYd) (width 0.05))
    (fp_circle (center 0 0) (end 2.35 0) (layer Cmts.User) (width 0.15))
    (fp_text user %R (at 0.3 0) (layer F.Fab)
      (effects (font (size 1 1) (thickness 0.15)))
    )
    (pad 1 thru_hole circle (at 0 0) (size 4.7 4.7) (drill 2.7) (layers *.Cu *.Mask))
  )

  (module TerminalBlock:TerminalBlock_bornier-2_P5.08mm (layer F.Cu) (tedit 59FF03AB) (tstamp 5C6C213B)
    (at 167 79 90)
    (descr "simple 2-pin terminal block, pitch 5.08mm, revamped version of bornier2")
    (tags "terminal block bornier2")
    (path /5C5EFF80)
    (fp_text reference J6 (at 2.54 -5.08 90) (layer F.SilkS)
      (effects (font (size 1 1) (thickness 0.15)))
    )
    (fp_text value Connector_Screw_Terminal_01x02 (at 2.54 5.08 90) (layer F.Fab)
      (effects (font (size 1 1) (thickness 0.15)))
    )
    (fp_text user %R (at 2.54 0 90) (layer F.Fab)
      (effects (font (size 1 1) (thickness 0.15)))
    )
    (fp_line (start -2.41 2.55) (end 7.49 2.55) (layer F.Fab) (width 0.1))
    (fp_line (start -2.46 -3.75) (end -2.46 3.75) (layer F.Fab) (width 0.1))
    (fp_line (start -2.46 3.75) (end 7.54 3.75) (layer F.Fab) (width 0.1))
    (fp_line (start 7.54 3.75) (end 7.54 -3.75) (layer F.Fab) (width 0.1))
    (fp_line (start 7.54 -3.75) (end -2.46 -3.75) (layer F.Fab) (width 0.1))
    (fp_line (start 7.62 2.54) (end -2.54 2.54) (layer F.SilkS) (width 0.12))
    (fp_line (start 7.62 3.81) (end 7.62 -3.81) (layer F.SilkS) (width 0.12))
    (fp_line (start 7.62 -3.81) (end -2.54 -3.81) (layer F.SilkS) (width 0.12))
    (fp_line (start -2.54 -3.81) (end -2.54 3.81) (layer F.SilkS) (width 0.12))
    (fp_line (start -2.54 3.81) (end 7.62 3.81) (layer F.SilkS) (width 0.12))
    (fp_line (start -2.71 -4) (end 7.79 -4) (layer F.CrtYd) (width 0.05))
    (fp_line (start -2.71 -4) (end -2.71 4) (layer F.CrtYd) (width 0.05))
    (fp_line (start 7.79 4) (end 7.79 -4) (layer F.CrtYd) (width 0.05))
    (fp_line (start 7.79 4) (end -2.71 4) (layer F.CrtYd) (width 0.05))
    (pad 1 thru_hole rect (at 0 0 90) (size 3 3) (drill 1.52) (layers *.Cu *.Mask)
      (net 24 /can+))
    (pad 2 thru_hole circle (at 5.08 0 90) (size 3 3) (drill 1.52) (layers *.Cu *.Mask)
      (net 25 /can-))
    (model ${KISYS3DMOD}/TerminalBlock.3dshapes/TerminalBlock_bornier-2_P5.08mm.wrl
      (offset (xyz 2.539999961853027 0 0))
      (scale (xyz 1 1 1))
      (rotate (xyz 0 0 0))
    )
  )

  (module TerminalBlock:TerminalBlock_bornier-2_P5.08mm (layer F.Cu) (tedit 59FF03AB) (tstamp 5C6C1778)
    (at 167 90 90)
    (descr "simple 2-pin terminal block, pitch 5.08mm, revamped version of bornier2")
    (tags "terminal block bornier2")
    (path /5C5F0021)
    (fp_text reference J7 (at 2.54 -5.08 90) (layer F.SilkS)
      (effects (font (size 1 1) (thickness 0.15)))
    )
    (fp_text value Connector_Screw_Terminal_01x02 (at 2.54 5.08 90) (layer F.Fab)
      (effects (font (size 1 1) (thickness 0.15)))
    )
    (fp_line (start 7.79 4) (end -2.71 4) (layer F.CrtYd) (width 0.05))
    (fp_line (start 7.79 4) (end 7.79 -4) (layer F.CrtYd) (width 0.05))
    (fp_line (start -2.71 -4) (end -2.71 4) (layer F.CrtYd) (width 0.05))
    (fp_line (start -2.71 -4) (end 7.79 -4) (layer F.CrtYd) (width 0.05))
    (fp_line (start -2.54 3.81) (end 7.62 3.81) (layer F.SilkS) (width 0.12))
    (fp_line (start -2.54 -3.81) (end -2.54 3.81) (layer F.SilkS) (width 0.12))
    (fp_line (start 7.62 -3.81) (end -2.54 -3.81) (layer F.SilkS) (width 0.12))
    (fp_line (start 7.62 3.81) (end 7.62 -3.81) (layer F.SilkS) (width 0.12))
    (fp_line (start 7.62 2.54) (end -2.54 2.54) (layer F.SilkS) (width 0.12))
    (fp_line (start 7.54 -3.75) (end -2.46 -3.75) (layer F.Fab) (width 0.1))
    (fp_line (start 7.54 3.75) (end 7.54 -3.75) (layer F.Fab) (width 0.1))
    (fp_line (start -2.46 3.75) (end 7.54 3.75) (layer F.Fab) (width 0.1))
    (fp_line (start -2.46 -3.75) (end -2.46 3.75) (layer F.Fab) (width 0.1))
    (fp_line (start -2.41 2.55) (end 7.49 2.55) (layer F.Fab) (width 0.1))
    (fp_text user %R (at 2.54 0 90) (layer F.Fab)
      (effects (font (size 1 1) (thickness 0.15)))
    )
    (pad 2 thru_hole circle (at 5.08 0 90) (size 3 3) (drill 1.52) (layers *.Cu *.Mask)
      (net 4 GND))
    (pad 1 thru_hole rect (at 0 0 90) (size 3 3) (drill 1.52) (layers *.Cu *.Mask)
      (net 34 "Net-(J7-Pad1)"))
    (model ${KISYS3DMOD}/TerminalBlock.3dshapes/TerminalBlock_bornier-2_P5.08mm.wrl
      (offset (xyz 2.539999961853027 0 0))
      (scale (xyz 1 1 1))
      (rotate (xyz 0 0 0))
    )
  )

  (module Connector_Dsub:DSUB-9_Female_Vertical_P2.77x2.84mm_MountingHoles (layer F.Cu) (tedit 59FEDEE2) (tstamp 5C6C0CF4)
    (at 154.5 86 270)
    (descr "9-pin D-Sub connector, straight/vertical, THT-mount, female, pitch 2.77x2.84mm, distance of mounting holes 25mm, see https://disti-assets.s3.amazonaws.com/tonar/files/datasheets/16730.pdf")
    (tags "9-pin D-Sub connector straight vertical THT female pitch 2.77x2.84mm mounting holes distance 25mm")
    (path /5C5EB2BF)
    (fp_text reference J2 (at -5.54 -5.89 270) (layer F.SilkS)
      (effects (font (size 1 1) (thickness 0.15)))
    )
    (fp_text value DB9_Male_MountingHoles (at -5.54 8.73 270) (layer F.Fab)
      (effects (font (size 1 1) (thickness 0.15)))
    )
    (fp_arc (start -19.965 -3.83) (end -20.965 -3.83) (angle 90) (layer F.Fab) (width 0.1))
    (fp_arc (start 8.885 -3.83) (end 8.885 -4.83) (angle 90) (layer F.Fab) (width 0.1))
    (fp_arc (start -19.965 6.67) (end -20.965 6.67) (angle -90) (layer F.Fab) (width 0.1))
    (fp_arc (start 8.885 6.67) (end 9.885 6.67) (angle 90) (layer F.Fab) (width 0.1))
    (fp_arc (start -19.965 -3.83) (end -21.025 -3.83) (angle 90) (layer F.SilkS) (width 0.12))
    (fp_arc (start 8.885 -3.83) (end 8.885 -4.89) (angle 90) (layer F.SilkS) (width 0.12))
    (fp_arc (start -19.965 6.67) (end -21.025 6.67) (angle -90) (layer F.SilkS) (width 0.12))
    (fp_arc (start 8.885 6.67) (end 9.945 6.67) (angle 90) (layer F.SilkS) (width 0.12))
    (fp_arc (start -11.783194 -0.93) (end -11.783194 -2.53) (angle -100) (layer F.Fab) (width 0.1))
    (fp_arc (start 0.703194 -0.93) (end 0.703194 -2.53) (angle 100) (layer F.Fab) (width 0.1))
    (fp_arc (start -10.954457 3.77) (end -10.954457 5.37) (angle 80) (layer F.Fab) (width 0.1))
    (fp_arc (start -0.125543 3.77) (end -0.125543 5.37) (angle -80) (layer F.Fab) (width 0.1))
    (fp_arc (start -11.771689 -0.93) (end -11.771689 -2.59) (angle -100) (layer F.SilkS) (width 0.12))
    (fp_arc (start 0.691689 -0.93) (end 0.691689 -2.59) (angle 100) (layer F.SilkS) (width 0.12))
    (fp_arc (start -10.942952 3.77) (end -10.942952 5.43) (angle 80) (layer F.SilkS) (width 0.12))
    (fp_arc (start -0.137048 3.77) (end -0.137048 5.43) (angle -80) (layer F.SilkS) (width 0.12))
    (fp_line (start -19.965 -4.83) (end 8.885 -4.83) (layer F.Fab) (width 0.1))
    (fp_line (start 9.885 -3.83) (end 9.885 6.67) (layer F.Fab) (width 0.1))
    (fp_line (start 8.885 7.67) (end -19.965 7.67) (layer F.Fab) (width 0.1))
    (fp_line (start -20.965 6.67) (end -20.965 -3.83) (layer F.Fab) (width 0.1))
    (fp_line (start -19.965 -4.89) (end 8.885 -4.89) (layer F.SilkS) (width 0.12))
    (fp_line (start 9.945 -3.83) (end 9.945 6.67) (layer F.SilkS) (width 0.12))
    (fp_line (start 8.885 7.73) (end -19.965 7.73) (layer F.SilkS) (width 0.12))
    (fp_line (start -21.025 6.67) (end -21.025 -3.83) (layer F.SilkS) (width 0.12))
    (fp_line (start -0.25 -5.784338) (end 0.25 -5.784338) (layer F.SilkS) (width 0.12))
    (fp_line (start 0.25 -5.784338) (end 0 -5.351325) (layer F.SilkS) (width 0.12))
    (fp_line (start 0 -5.351325) (end -0.25 -5.784338) (layer F.SilkS) (width 0.12))
    (fp_line (start -11.783194 -2.53) (end 0.703194 -2.53) (layer F.Fab) (width 0.1))
    (fp_line (start -10.954457 5.37) (end -0.125543 5.37) (layer F.Fab) (width 0.1))
    (fp_line (start 2.278887 -0.652163) (end 1.45015 4.047837) (layer F.Fab) (width 0.1))
    (fp_line (start -13.358887 -0.652163) (end -12.53015 4.047837) (layer F.Fab) (width 0.1))
    (fp_line (start -11.771689 -2.59) (end 0.691689 -2.59) (layer F.SilkS) (width 0.12))
    (fp_line (start -10.942952 5.43) (end -0.137048 5.43) (layer F.SilkS) (width 0.12))
    (fp_line (start 2.32647 -0.641744) (end 1.497733 4.058256) (layer F.SilkS) (width 0.12))
    (fp_line (start -13.40647 -0.641744) (end -12.577733 4.058256) (layer F.SilkS) (width 0.12))
    (fp_line (start -21.5 -5.35) (end -21.5 8.2) (layer F.CrtYd) (width 0.05))
    (fp_line (start -21.5 8.2) (end 10.4 8.2) (layer F.CrtYd) (width 0.05))
    (fp_line (start 10.4 8.2) (end 10.4 -5.35) (layer F.CrtYd) (width 0.05))
    (fp_line (start 10.4 -5.35) (end -21.5 -5.35) (layer F.CrtYd) (width 0.05))
    (fp_text user %R (at -5.54 1.42 270) (layer F.Fab)
      (effects (font (size 1 1) (thickness 0.15)))
    )
    (pad 1 thru_hole rect (at 0 0 270) (size 1.6 1.6) (drill 1) (layers *.Cu *.Mask)
      (net 4 GND))
    (pad 2 thru_hole circle (at -2.77 0 270) (size 1.6 1.6) (drill 1) (layers *.Cu *.Mask)
      (net 8 "Net-(J2-Pad2)"))
    (pad 3 thru_hole circle (at -5.54 0 270) (size 1.6 1.6) (drill 1) (layers *.Cu *.Mask)
      (net 9 "Net-(J2-Pad3)"))
    (pad 4 thru_hole circle (at -8.31 0 270) (size 1.6 1.6) (drill 1) (layers *.Cu *.Mask)
      (net 10 "Net-(J2-Pad4)"))
    (pad 5 thru_hole circle (at -11.08 0 270) (size 1.6 1.6) (drill 1) (layers *.Cu *.Mask)
      (net 25 /can-))
    (pad 6 thru_hole circle (at -1.385 2.84 270) (size 1.6 1.6) (drill 1) (layers *.Cu *.Mask)
      (net 11 "Net-(J2-Pad6)"))
    (pad 7 thru_hole circle (at -4.155 2.84 270) (size 1.6 1.6) (drill 1) (layers *.Cu *.Mask)
      (net 26 "Net-(J2-Pad7)"))
    (pad 8 thru_hole circle (at -6.925 2.84 270) (size 1.6 1.6) (drill 1) (layers *.Cu *.Mask)
      (net 27 "Net-(J2-Pad8)"))
    (pad 9 thru_hole circle (at -9.695 2.84 270) (size 1.6 1.6) (drill 1) (layers *.Cu *.Mask)
      (net 24 /can+))
    (pad 0 thru_hole circle (at -18.04 1.42 270) (size 4 4) (drill 3.2) (layers *.Cu *.Mask)
      (net 4 GND))
    (pad 0 thru_hole circle (at 6.96 1.42 270) (size 4 4) (drill 3.2) (layers *.Cu *.Mask)
      (net 4 GND))
    (model ${KISYS3DMOD}/Connector_Dsub.3dshapes/DSUB-9_Female_Vertical_P2.77x2.84mm_MountingHoles.wrl
      (at (xyz 0 0 0))
      (scale (xyz 1 1 1))
      (rotate (xyz 0 0 0))
    )
  )

  (module Connector_Dsub:DSUB-9_Female_Vertical_P2.77x2.84mm_MountingHoles (layer F.Cu) (tedit 59FEDEE2) (tstamp 5C6C0FBD)
    (at 140.5 86 270)
    (descr "9-pin D-Sub connector, straight/vertical, THT-mount, female, pitch 2.77x2.84mm, distance of mounting holes 25mm, see https://disti-assets.s3.amazonaws.com/tonar/files/datasheets/16730.pdf")
    (tags "9-pin D-Sub connector straight vertical THT female pitch 2.77x2.84mm mounting holes distance 25mm")
    (path /5C5EB297)
    (fp_text reference J4 (at -5.54 -5.89 270) (layer F.SilkS)
      (effects (font (size 1 1) (thickness 0.15)))
    )
    (fp_text value DB9_Male_MountingHoles (at -5.54 8.73 270) (layer F.Fab)
      (effects (font (size 1 1) (thickness 0.15)))
    )
    (fp_text user %R (at -5.54 1.42 270) (layer F.Fab)
      (effects (font (size 1 1) (thickness 0.15)))
    )
    (fp_line (start 10.4 -5.35) (end -21.5 -5.35) (layer F.CrtYd) (width 0.05))
    (fp_line (start 10.4 8.2) (end 10.4 -5.35) (layer F.CrtYd) (width 0.05))
    (fp_line (start -21.5 8.2) (end 10.4 8.2) (layer F.CrtYd) (width 0.05))
    (fp_line (start -21.5 -5.35) (end -21.5 8.2) (layer F.CrtYd) (width 0.05))
    (fp_line (start -13.40647 -0.641744) (end -12.577733 4.058256) (layer F.SilkS) (width 0.12))
    (fp_line (start 2.32647 -0.641744) (end 1.497733 4.058256) (layer F.SilkS) (width 0.12))
    (fp_line (start -10.942952 5.43) (end -0.137048 5.43) (layer F.SilkS) (width 0.12))
    (fp_line (start -11.771689 -2.59) (end 0.691689 -2.59) (layer F.SilkS) (width 0.12))
    (fp_line (start -13.358887 -0.652163) (end -12.53015 4.047837) (layer F.Fab) (width 0.1))
    (fp_line (start 2.278887 -0.652163) (end 1.45015 4.047837) (layer F.Fab) (width 0.1))
    (fp_line (start -10.954457 5.37) (end -0.125543 5.37) (layer F.Fab) (width 0.1))
    (fp_line (start -11.783194 -2.53) (end 0.703194 -2.53) (layer F.Fab) (width 0.1))
    (fp_line (start 0 -5.351325) (end -0.25 -5.784338) (layer F.SilkS) (width 0.12))
    (fp_line (start 0.25 -5.784338) (end 0 -5.351325) (layer F.SilkS) (width 0.12))
    (fp_line (start -0.25 -5.784338) (end 0.25 -5.784338) (layer F.SilkS) (width 0.12))
    (fp_line (start -21.025 6.67) (end -21.025 -3.83) (layer F.SilkS) (width 0.12))
    (fp_line (start 8.885 7.73) (end -19.965 7.73) (layer F.SilkS) (width 0.12))
    (fp_line (start 9.945 -3.83) (end 9.945 6.67) (layer F.SilkS) (width 0.12))
    (fp_line (start -19.965 -4.89) (end 8.885 -4.89) (layer F.SilkS) (width 0.12))
    (fp_line (start -20.965 6.67) (end -20.965 -3.83) (layer F.Fab) (width 0.1))
    (fp_line (start 8.885 7.67) (end -19.965 7.67) (layer F.Fab) (width 0.1))
    (fp_line (start 9.885 -3.83) (end 9.885 6.67) (layer F.Fab) (width 0.1))
    (fp_line (start -19.965 -4.83) (end 8.885 -4.83) (layer F.Fab) (width 0.1))
    (fp_arc (start -0.137048 3.77) (end -0.137048 5.43) (angle -80) (layer F.SilkS) (width 0.12))
    (fp_arc (start -10.942952 3.77) (end -10.942952 5.43) (angle 80) (layer F.SilkS) (width 0.12))
    (fp_arc (start 0.691689 -0.93) (end 0.691689 -2.59) (angle 100) (layer F.SilkS) (width 0.12))
    (fp_arc (start -11.771689 -0.93) (end -11.771689 -2.59) (angle -100) (layer F.SilkS) (width 0.12))
    (fp_arc (start -0.125543 3.77) (end -0.125543 5.37) (angle -80) (layer F.Fab) (width 0.1))
    (fp_arc (start -10.954457 3.77) (end -10.954457 5.37) (angle 80) (layer F.Fab) (width 0.1))
    (fp_arc (start 0.703194 -0.93) (end 0.703194 -2.53) (angle 100) (layer F.Fab) (width 0.1))
    (fp_arc (start -11.783194 -0.93) (end -11.783194 -2.53) (angle -100) (layer F.Fab) (width 0.1))
    (fp_arc (start 8.885 6.67) (end 9.945 6.67) (angle 90) (layer F.SilkS) (width 0.12))
    (fp_arc (start -19.965 6.67) (end -21.025 6.67) (angle -90) (layer F.SilkS) (width 0.12))
    (fp_arc (start 8.885 -3.83) (end 8.885 -4.89) (angle 90) (layer F.SilkS) (width 0.12))
    (fp_arc (start -19.965 -3.83) (end -21.025 -3.83) (angle 90) (layer F.SilkS) (width 0.12))
    (fp_arc (start 8.885 6.67) (end 9.885 6.67) (angle 90) (layer F.Fab) (width 0.1))
    (fp_arc (start -19.965 6.67) (end -20.965 6.67) (angle -90) (layer F.Fab) (width 0.1))
    (fp_arc (start 8.885 -3.83) (end 8.885 -4.83) (angle 90) (layer F.Fab) (width 0.1))
    (fp_arc (start -19.965 -3.83) (end -20.965 -3.83) (angle 90) (layer F.Fab) (width 0.1))
    (pad 0 thru_hole circle (at 6.96 1.42 270) (size 4 4) (drill 3.2) (layers *.Cu *.Mask)
      (net 4 GND))
    (pad 0 thru_hole circle (at -18.04 1.42 270) (size 4 4) (drill 3.2) (layers *.Cu *.Mask)
      (net 4 GND))
    (pad 9 thru_hole circle (at -9.695 2.84 270) (size 1.6 1.6) (drill 1) (layers *.Cu *.Mask)
      (net 24 /can+))
    (pad 8 thru_hole circle (at -6.925 2.84 270) (size 1.6 1.6) (drill 1) (layers *.Cu *.Mask)
      (net 30 "Net-(J4-Pad8)"))
    (pad 7 thru_hole circle (at -4.155 2.84 270) (size 1.6 1.6) (drill 1) (layers *.Cu *.Mask)
      (net 31 "Net-(J4-Pad7)"))
    (pad 6 thru_hole circle (at -1.385 2.84 270) (size 1.6 1.6) (drill 1) (layers *.Cu *.Mask)
      (net 16 "Net-(J4-Pad6)"))
    (pad 5 thru_hole circle (at -11.08 0 270) (size 1.6 1.6) (drill 1) (layers *.Cu *.Mask)
      (net 25 /can-))
    (pad 4 thru_hole circle (at -8.31 0 270) (size 1.6 1.6) (drill 1) (layers *.Cu *.Mask)
      (net 17 "Net-(J4-Pad4)"))
    (pad 3 thru_hole circle (at -5.54 0 270) (size 1.6 1.6) (drill 1) (layers *.Cu *.Mask)
      (net 18 "Net-(J4-Pad3)"))
    (pad 2 thru_hole circle (at -2.77 0 270) (size 1.6 1.6) (drill 1) (layers *.Cu *.Mask)
      (net 19 "Net-(J4-Pad2)"))
    (pad 1 thru_hole rect (at 0 0 270) (size 1.6 1.6) (drill 1) (layers *.Cu *.Mask)
      (net 4 GND))
    (model ${KISYS3DMOD}/Connector_Dsub.3dshapes/DSUB-9_Female_Vertical_P2.77x2.84mm_MountingHoles.wrl
      (at (xyz 0 0 0))
      (scale (xyz 1 1 1))
      (rotate (xyz 0 0 0))
    )
  )

  (module Connector_Dsub:DSUB-9_Female_Vertical_P2.77x2.84mm_MountingHoles (layer F.Cu) (tedit 59FEDEE2) (tstamp 5C6BFD36)
    (at 98.5 86 270)
    (descr "9-pin D-Sub connector, straight/vertical, THT-mount, female, pitch 2.77x2.84mm, distance of mounting holes 25mm, see https://disti-assets.s3.amazonaws.com/tonar/files/datasheets/16730.pdf")
    (tags "9-pin D-Sub connector straight vertical THT female pitch 2.77x2.84mm mounting holes distance 25mm")
    (path /5C5EB271)
    (fp_text reference J5 (at -5.54 -5.89 270) (layer F.SilkS)
      (effects (font (size 1 1) (thickness 0.15)))
    )
    (fp_text value DB9_Male_MountingHoles (at -5.54 8.73 270) (layer F.Fab)
      (effects (font (size 1 1) (thickness 0.15)))
    )
    (fp_arc (start -19.965 -3.83) (end -20.965 -3.83) (angle 90) (layer F.Fab) (width 0.1))
    (fp_arc (start 8.885 -3.83) (end 8.885 -4.83) (angle 90) (layer F.Fab) (width 0.1))
    (fp_arc (start -19.965 6.67) (end -20.965 6.67) (angle -90) (layer F.Fab) (width 0.1))
    (fp_arc (start 8.885 6.67) (end 9.885 6.67) (angle 90) (layer F.Fab) (width 0.1))
    (fp_arc (start -19.965 -3.83) (end -21.025 -3.83) (angle 90) (layer F.SilkS) (width 0.12))
    (fp_arc (start 8.885 -3.83) (end 8.885 -4.89) (angle 90) (layer F.SilkS) (width 0.12))
    (fp_arc (start -19.965 6.67) (end -21.025 6.67) (angle -90) (layer F.SilkS) (width 0.12))
    (fp_arc (start 8.885 6.67) (end 9.945 6.67) (angle 90) (layer F.SilkS) (width 0.12))
    (fp_arc (start -11.783194 -0.93) (end -11.783194 -2.53) (angle -100) (layer F.Fab) (width 0.1))
    (fp_arc (start 0.703194 -0.93) (end 0.703194 -2.53) (angle 100) (layer F.Fab) (width 0.1))
    (fp_arc (start -10.954457 3.77) (end -10.954457 5.37) (angle 80) (layer F.Fab) (width 0.1))
    (fp_arc (start -0.125543 3.77) (end -0.125543 5.37) (angle -80) (layer F.Fab) (width 0.1))
    (fp_arc (start -11.771689 -0.93) (end -11.771689 -2.59) (angle -100) (layer F.SilkS) (width 0.12))
    (fp_arc (start 0.691689 -0.93) (end 0.691689 -2.59) (angle 100) (layer F.SilkS) (width 0.12))
    (fp_arc (start -10.942952 3.77) (end -10.942952 5.43) (angle 80) (layer F.SilkS) (width 0.12))
    (fp_arc (start -0.137048 3.77) (end -0.137048 5.43) (angle -80) (layer F.SilkS) (width 0.12))
    (fp_line (start -19.965 -4.83) (end 8.885 -4.83) (layer F.Fab) (width 0.1))
    (fp_line (start 9.885 -3.83) (end 9.885 6.67) (layer F.Fab) (width 0.1))
    (fp_line (start 8.885 7.67) (end -19.965 7.67) (layer F.Fab) (width 0.1))
    (fp_line (start -20.965 6.67) (end -20.965 -3.83) (layer F.Fab) (width 0.1))
    (fp_line (start -19.965 -4.89) (end 8.885 -4.89) (layer F.SilkS) (width 0.12))
    (fp_line (start 9.945 -3.83) (end 9.945 6.67) (layer F.SilkS) (width 0.12))
    (fp_line (start 8.885 7.73) (end -19.965 7.73) (layer F.SilkS) (width 0.12))
    (fp_line (start -21.025 6.67) (end -21.025 -3.83) (layer F.SilkS) (width 0.12))
    (fp_line (start -0.25 -5.784338) (end 0.25 -5.784338) (layer F.SilkS) (width 0.12))
    (fp_line (start 0.25 -5.784338) (end 0 -5.351325) (layer F.SilkS) (width 0.12))
    (fp_line (start 0 -5.351325) (end -0.25 -5.784338) (layer F.SilkS) (width 0.12))
    (fp_line (start -11.783194 -2.53) (end 0.703194 -2.53) (layer F.Fab) (width 0.1))
    (fp_line (start -10.954457 5.37) (end -0.125543 5.37) (layer F.Fab) (width 0.1))
    (fp_line (start 2.278887 -0.652163) (end 1.45015 4.047837) (layer F.Fab) (width 0.1))
    (fp_line (start -13.358887 -0.652163) (end -12.53015 4.047837) (layer F.Fab) (width 0.1))
    (fp_line (start -11.771689 -2.59) (end 0.691689 -2.59) (layer F.SilkS) (width 0.12))
    (fp_line (start -10.942952 5.43) (end -0.137048 5.43) (layer F.SilkS) (width 0.12))
    (fp_line (start 2.32647 -0.641744) (end 1.497733 4.058256) (layer F.SilkS) (width 0.12))
    (fp_line (start -13.40647 -0.641744) (end -12.577733 4.058256) (layer F.SilkS) (width 0.12))
    (fp_line (start -21.5 -5.35) (end -21.5 8.2) (layer F.CrtYd) (width 0.05))
    (fp_line (start -21.5 8.2) (end 10.4 8.2) (layer F.CrtYd) (width 0.05))
    (fp_line (start 10.4 8.2) (end 10.4 -5.35) (layer F.CrtYd) (width 0.05))
    (fp_line (start 10.4 -5.35) (end -21.5 -5.35) (layer F.CrtYd) (width 0.05))
    (fp_text user %R (at -5.54 1.42 270) (layer F.Fab)
      (effects (font (size 1 1) (thickness 0.15)))
    )
    (pad 1 thru_hole rect (at 0 0 270) (size 1.6 1.6) (drill 1) (layers *.Cu *.Mask)
      (net 4 GND))
    (pad 2 thru_hole circle (at -2.77 0 270) (size 1.6 1.6) (drill 1) (layers *.Cu *.Mask)
      (net 20 "Net-(J5-Pad2)"))
    (pad 3 thru_hole circle (at -5.54 0 270) (size 1.6 1.6) (drill 1) (layers *.Cu *.Mask)
      (net 21 "Net-(J5-Pad3)"))
    (pad 4 thru_hole circle (at -8.31 0 270) (size 1.6 1.6) (drill 1) (layers *.Cu *.Mask)
      (net 22 "Net-(J5-Pad4)"))
    (pad 5 thru_hole circle (at -11.08 0 270) (size 1.6 1.6) (drill 1) (layers *.Cu *.Mask)
      (net 25 /can-))
    (pad 6 thru_hole circle (at -1.385 2.84 270) (size 1.6 1.6) (drill 1) (layers *.Cu *.Mask)
      (net 23 "Net-(J5-Pad6)"))
    (pad 7 thru_hole circle (at -4.155 2.84 270) (size 1.6 1.6) (drill 1) (layers *.Cu *.Mask)
      (net 32 "Net-(J5-Pad7)"))
    (pad 8 thru_hole circle (at -6.925 2.84 270) (size 1.6 1.6) (drill 1) (layers *.Cu *.Mask)
      (net 33 "Net-(J5-Pad8)"))
    (pad 9 thru_hole circle (at -9.695 2.84 270) (size 1.6 1.6) (drill 1) (layers *.Cu *.Mask)
      (net 24 /can+))
    (pad 0 thru_hole circle (at -18.04 1.42 270) (size 4 4) (drill 3.2) (layers *.Cu *.Mask)
      (net 4 GND))
    (pad 0 thru_hole circle (at 6.96 1.42 270) (size 4 4) (drill 3.2) (layers *.Cu *.Mask)
      (net 4 GND))
    (model ${KISYS3DMOD}/Connector_Dsub.3dshapes/DSUB-9_Female_Vertical_P2.77x2.84mm_MountingHoles.wrl
      (at (xyz 0 0 0))
      (scale (xyz 1 1 1))
      (rotate (xyz 0 0 0))
    )
  )

  (module Connector_Dsub:DSUB-9_Female_Vertical_P2.77x2.84mm_MountingHoles (layer F.Cu) (tedit 59FEDEE2) (tstamp 5C6C0BE5)
    (at 112.5 86 270)
    (descr "9-pin D-Sub connector, straight/vertical, THT-mount, female, pitch 2.77x2.84mm, distance of mounting holes 25mm, see https://disti-assets.s3.amazonaws.com/tonar/files/datasheets/16730.pdf")
    (tags "9-pin D-Sub connector straight vertical THT female pitch 2.77x2.84mm mounting holes distance 25mm")
    (path /5C5EB1FC)
    (fp_text reference J1 (at -5.54 -5.89 270) (layer F.SilkS)
      (effects (font (size 1 1) (thickness 0.15)))
    )
    (fp_text value DB9_Male_MountingHoles (at -5.54 8.73 270) (layer F.Fab)
      (effects (font (size 1 1) (thickness 0.15)))
    )
    (fp_arc (start -19.965 -3.83) (end -20.965 -3.83) (angle 90) (layer F.Fab) (width 0.1))
    (fp_arc (start 8.885 -3.83) (end 8.885 -4.83) (angle 90) (layer F.Fab) (width 0.1))
    (fp_arc (start -19.965 6.67) (end -20.965 6.67) (angle -90) (layer F.Fab) (width 0.1))
    (fp_arc (start 8.885 6.67) (end 9.885 6.67) (angle 90) (layer F.Fab) (width 0.1))
    (fp_arc (start -19.965 -3.83) (end -21.025 -3.83) (angle 90) (layer F.SilkS) (width 0.12))
    (fp_arc (start 8.885 -3.83) (end 8.885 -4.89) (angle 90) (layer F.SilkS) (width 0.12))
    (fp_arc (start -19.965 6.67) (end -21.025 6.67) (angle -90) (layer F.SilkS) (width 0.12))
    (fp_arc (start 8.885 6.67) (end 9.945 6.67) (angle 90) (layer F.SilkS) (width 0.12))
    (fp_arc (start -11.783194 -0.93) (end -11.783194 -2.53) (angle -100) (layer F.Fab) (width 0.1))
    (fp_arc (start 0.703194 -0.93) (end 0.703194 -2.53) (angle 100) (layer F.Fab) (width 0.1))
    (fp_arc (start -10.954457 3.77) (end -10.954457 5.37) (angle 80) (layer F.Fab) (width 0.1))
    (fp_arc (start -0.125543 3.77) (end -0.125543 5.37) (angle -80) (layer F.Fab) (width 0.1))
    (fp_arc (start -11.771689 -0.93) (end -11.771689 -2.59) (angle -100) (layer F.SilkS) (width 0.12))
    (fp_arc (start 0.691689 -0.93) (end 0.691689 -2.59) (angle 100) (layer F.SilkS) (width 0.12))
    (fp_arc (start -10.942952 3.77) (end -10.942952 5.43) (angle 80) (layer F.SilkS) (width 0.12))
    (fp_arc (start -0.137048 3.77) (end -0.137048 5.43) (angle -80) (layer F.SilkS) (width 0.12))
    (fp_line (start -19.965 -4.83) (end 8.885 -4.83) (layer F.Fab) (width 0.1))
    (fp_line (start 9.885 -3.83) (end 9.885 6.67) (layer F.Fab) (width 0.1))
    (fp_line (start 8.885 7.67) (end -19.965 7.67) (layer F.Fab) (width 0.1))
    (fp_line (start -20.965 6.67) (end -20.965 -3.83) (layer F.Fab) (width 0.1))
    (fp_line (start -19.965 -4.89) (end 8.885 -4.89) (layer F.SilkS) (width 0.12))
    (fp_line (start 9.945 -3.83) (end 9.945 6.67) (layer F.SilkS) (width 0.12))
    (fp_line (start 8.885 7.73) (end -19.965 7.73) (layer F.SilkS) (width 0.12))
    (fp_line (start -21.025 6.67) (end -21.025 -3.83) (layer F.SilkS) (width 0.12))
    (fp_line (start -0.25 -5.784338) (end 0.25 -5.784338) (layer F.SilkS) (width 0.12))
    (fp_line (start 0.25 -5.784338) (end 0 -5.351325) (layer F.SilkS) (width 0.12))
    (fp_line (start 0 -5.351325) (end -0.25 -5.784338) (layer F.SilkS) (width 0.12))
    (fp_line (start -11.783194 -2.53) (end 0.703194 -2.53) (layer F.Fab) (width 0.1))
    (fp_line (start -10.954457 5.37) (end -0.125543 5.37) (layer F.Fab) (width 0.1))
    (fp_line (start 2.278887 -0.652163) (end 1.45015 4.047837) (layer F.Fab) (width 0.1))
    (fp_line (start -13.358887 -0.652163) (end -12.53015 4.047837) (layer F.Fab) (width 0.1))
    (fp_line (start -11.771689 -2.59) (end 0.691689 -2.59) (layer F.SilkS) (width 0.12))
    (fp_line (start -10.942952 5.43) (end -0.137048 5.43) (layer F.SilkS) (width 0.12))
    (fp_line (start 2.32647 -0.641744) (end 1.497733 4.058256) (layer F.SilkS) (width 0.12))
    (fp_line (start -13.40647 -0.641744) (end -12.577733 4.058256) (layer F.SilkS) (width 0.12))
    (fp_line (start -21.5 -5.35) (end -21.5 8.2) (layer F.CrtYd) (width 0.05))
    (fp_line (start -21.5 8.2) (end 10.4 8.2) (layer F.CrtYd) (width 0.05))
    (fp_line (start 10.4 8.2) (end 10.4 -5.35) (layer F.CrtYd) (width 0.05))
    (fp_line (start 10.4 -5.35) (end -21.5 -5.35) (layer F.CrtYd) (width 0.05))
    (fp_text user %R (at -5.54 1.42 270) (layer F.Fab)
      (effects (font (size 1 1) (thickness 0.15)))
    )
    (pad 1 thru_hole rect (at 0 0 270) (size 1.6 1.6) (drill 1) (layers *.Cu *.Mask)
      (net 4 GND))
    (pad 2 thru_hole circle (at -2.77 0 270) (size 1.6 1.6) (drill 1) (layers *.Cu *.Mask)
      (net 1 "Net-(J1-Pad2)"))
    (pad 3 thru_hole circle (at -5.54 0 270) (size 1.6 1.6) (drill 1) (layers *.Cu *.Mask)
      (net 2 "Net-(J1-Pad3)"))
    (pad 4 thru_hole circle (at -8.31 0 270) (size 1.6 1.6) (drill 1) (layers *.Cu *.Mask)
      (net 3 "Net-(J1-Pad4)"))
    (pad 5 thru_hole circle (at -11.08 0 270) (size 1.6 1.6) (drill 1) (layers *.Cu *.Mask)
      (net 25 /can-))
    (pad 6 thru_hole circle (at -1.385 2.84 270) (size 1.6 1.6) (drill 1) (layers *.Cu *.Mask)
      (net 5 "Net-(J1-Pad6)"))
    (pad 7 thru_hole circle (at -4.155 2.84 270) (size 1.6 1.6) (drill 1) (layers *.Cu *.Mask)
      (net 6 "Net-(J1-Pad7)"))
    (pad 8 thru_hole circle (at -6.925 2.84 270) (size 1.6 1.6) (drill 1) (layers *.Cu *.Mask)
      (net 7 "Net-(J1-Pad8)"))
    (pad 9 thru_hole circle (at -9.695 2.84 270) (size 1.6 1.6) (drill 1) (layers *.Cu *.Mask)
      (net 24 /can+))
    (pad 0 thru_hole circle (at -18.04 1.42 270) (size 4 4) (drill 3.2) (layers *.Cu *.Mask)
      (net 4 GND))
    (pad 0 thru_hole circle (at 6.96 1.42 270) (size 4 4) (drill 3.2) (layers *.Cu *.Mask)
      (net 4 GND))
    (model ${KISYS3DMOD}/Connector_Dsub.3dshapes/DSUB-9_Female_Vertical_P2.77x2.84mm_MountingHoles.wrl
      (at (xyz 0 0 0))
      (scale (xyz 1 1 1))
      (rotate (xyz 0 0 0))
    )
  )

  (module Connector_Dsub:DSUB-9_Female_Vertical_P2.77x2.84mm_MountingHoles (layer F.Cu) (tedit 59FEDEE2) (tstamp 5C6C0C1B)
    (at 126.5 86 270)
    (descr "9-pin D-Sub connector, straight/vertical, THT-mount, female, pitch 2.77x2.84mm, distance of mounting holes 25mm, see https://disti-assets.s3.amazonaws.com/tonar/files/datasheets/16730.pdf")
    (tags "9-pin D-Sub connector straight vertical THT female pitch 2.77x2.84mm mounting holes distance 25mm")
    (path /5C5EB24F)
    (fp_text reference J3 (at -5.54 -5.89 270) (layer F.SilkS)
      (effects (font (size 1 1) (thickness 0.15)))
    )
    (fp_text value DB9_Male_MountingHoles (at -5.54 8.73 270) (layer F.Fab)
      (effects (font (size 1 1) (thickness 0.15)))
    )
    (fp_text user %R (at -5.54 1.42 270) (layer F.Fab)
      (effects (font (size 1 1) (thickness 0.15)))
    )
    (fp_line (start 10.4 -5.35) (end -21.5 -5.35) (layer F.CrtYd) (width 0.05))
    (fp_line (start 10.4 8.2) (end 10.4 -5.35) (layer F.CrtYd) (width 0.05))
    (fp_line (start -21.5 8.2) (end 10.4 8.2) (layer F.CrtYd) (width 0.05))
    (fp_line (start -21.5 -5.35) (end -21.5 8.2) (layer F.CrtYd) (width 0.05))
    (fp_line (start -13.40647 -0.641744) (end -12.577733 4.058256) (layer F.SilkS) (width 0.12))
    (fp_line (start 2.32647 -0.641744) (end 1.497733 4.058256) (layer F.SilkS) (width 0.12))
    (fp_line (start -10.942952 5.43) (end -0.137048 5.43) (layer F.SilkS) (width 0.12))
    (fp_line (start -11.771689 -2.59) (end 0.691689 -2.59) (layer F.SilkS) (width 0.12))
    (fp_line (start -13.358887 -0.652163) (end -12.53015 4.047837) (layer F.Fab) (width 0.1))
    (fp_line (start 2.278887 -0.652163) (end 1.45015 4.047837) (layer F.Fab) (width 0.1))
    (fp_line (start -10.954457 5.37) (end -0.125543 5.37) (layer F.Fab) (width 0.1))
    (fp_line (start -11.783194 -2.53) (end 0.703194 -2.53) (layer F.Fab) (width 0.1))
    (fp_line (start 0 -5.351325) (end -0.25 -5.784338) (layer F.SilkS) (width 0.12))
    (fp_line (start 0.25 -5.784338) (end 0 -5.351325) (layer F.SilkS) (width 0.12))
    (fp_line (start -0.25 -5.784338) (end 0.25 -5.784338) (layer F.SilkS) (width 0.12))
    (fp_line (start -21.025 6.67) (end -21.025 -3.83) (layer F.SilkS) (width 0.12))
    (fp_line (start 8.885 7.73) (end -19.965 7.73) (layer F.SilkS) (width 0.12))
    (fp_line (start 9.945 -3.83) (end 9.945 6.67) (layer F.SilkS) (width 0.12))
    (fp_line (start -19.965 -4.89) (end 8.885 -4.89) (layer F.SilkS) (width 0.12))
    (fp_line (start -20.965 6.67) (end -20.965 -3.83) (layer F.Fab) (width 0.1))
    (fp_line (start 8.885 7.67) (end -19.965 7.67) (layer F.Fab) (width 0.1))
    (fp_line (start 9.885 -3.83) (end 9.885 6.67) (layer F.Fab) (width 0.1))
    (fp_line (start -19.965 -4.83) (end 8.885 -4.83) (layer F.Fab) (width 0.1))
    (fp_arc (start -0.137048 3.77) (end -0.137048 5.43) (angle -80) (layer F.SilkS) (width 0.12))
    (fp_arc (start -10.942952 3.77) (end -10.942952 5.43) (angle 80) (layer F.SilkS) (width 0.12))
    (fp_arc (start 0.691689 -0.93) (end 0.691689 -2.59) (angle 100) (layer F.SilkS) (width 0.12))
    (fp_arc (start -11.771689 -0.93) (end -11.771689 -2.59) (angle -100) (layer F.SilkS) (width 0.12))
    (fp_arc (start -0.125543 3.77) (end -0.125543 5.37) (angle -80) (layer F.Fab) (width 0.1))
    (fp_arc (start -10.954457 3.77) (end -10.954457 5.37) (angle 80) (layer F.Fab) (width 0.1))
    (fp_arc (start 0.703194 -0.93) (end 0.703194 -2.53) (angle 100) (layer F.Fab) (width 0.1))
    (fp_arc (start -11.783194 -0.93) (end -11.783194 -2.53) (angle -100) (layer F.Fab) (width 0.1))
    (fp_arc (start 8.885 6.67) (end 9.945 6.67) (angle 90) (layer F.SilkS) (width 0.12))
    (fp_arc (start -19.965 6.67) (end -21.025 6.67) (angle -90) (layer F.SilkS) (width 0.12))
    (fp_arc (start 8.885 -3.83) (end 8.885 -4.89) (angle 90) (layer F.SilkS) (width 0.12))
    (fp_arc (start -19.965 -3.83) (end -21.025 -3.83) (angle 90) (layer F.SilkS) (width 0.12))
    (fp_arc (start 8.885 6.67) (end 9.885 6.67) (angle 90) (layer F.Fab) (width 0.1))
    (fp_arc (start -19.965 6.67) (end -20.965 6.67) (angle -90) (layer F.Fab) (width 0.1))
    (fp_arc (start 8.885 -3.83) (end 8.885 -4.83) (angle 90) (layer F.Fab) (width 0.1))
    (fp_arc (start -19.965 -3.83) (end -20.965 -3.83) (angle 90) (layer F.Fab) (width 0.1))
    (pad 0 thru_hole circle (at 6.96 1.42 270) (size 4 4) (drill 3.2) (layers *.Cu *.Mask)
      (net 4 GND))
    (pad 0 thru_hole circle (at -18.04 1.42 270) (size 4 4) (drill 3.2) (layers *.Cu *.Mask)
      (net 4 GND))
    (pad 9 thru_hole circle (at -9.695 2.84 270) (size 1.6 1.6) (drill 1) (layers *.Cu *.Mask)
      (net 24 /can+))
    (pad 8 thru_hole circle (at -6.925 2.84 270) (size 1.6 1.6) (drill 1) (layers *.Cu *.Mask)
      (net 28 "Net-(J3-Pad8)"))
    (pad 7 thru_hole circle (at -4.155 2.84 270) (size 1.6 1.6) (drill 1) (layers *.Cu *.Mask)
      (net 29 "Net-(J3-Pad7)"))
